5.995499877929687500e+02 3.042576171875000000e+03 3.917046093750000000e+04 3.234276855468750000e+03 2.426689941406250000e+03 2.946729687500000000e+04 1.676000061035156250e+02 3.934277734375000000e+04 0.000000000000000000e+00
6.022999877929687500e+02 1.030450683593750000e+04 3.870935156250000000e+04 1.058570312500000000e+04 2.418570068359375000e+03 6.464888671875000000e+04 1.678899993896484375e+02 7.853794531250000000e+04 0.000000000000000000e+00
6.052000122070312500e+02 2.813732910156250000e+03 3.868010937500000000e+04 3.451608886718750000e+03 2.418860107421875000e+03 2.250147656250000000e+04 1.688500061035156250e+02 3.885833593750000000e+04 0.000000000000000000e+00
6.003800048828125000e+02 2.804033203125000000e+03 3.853496093750000000e+04 2.480406738281250000e+03 2.400669921875000000e+03 1.995389257812500000e+04 1.678999938964843750e+02 1.287088378906250000e+04 0.000000000000000000e+00
6.032100219726562500e+02 1.595324707031250000e+03 3.876671875000000000e+04 1.940170410156250000e+03 2.413899902343750000e+03 1.463497949218750000e+04 1.683200073242187500e+02 1.307771972656250000e+04 0.000000000000000000e+00
5.973200073242187500e+02 2.727075195312500000e+03 3.855823828125000000e+04 2.576292724609375000e+03 2.387350097656250000e+03 1.891354882812500000e+04 1.668899993896484375e+02 1.230406933593750000e+04 0.000000000000000000e+00
5.937299804687500000e+02 2.347656005859375000e+03 3.834901171875000000e+04 3.173948730468750000e+03 2.367889892578125000e+03 3.583833593750000000e+04 1.665700073242187500e+02 1.848827539062500000e+04 0.000000000000000000e+00
6.050700073242187500e+02 3.654638671875000000e+03 3.862412890625000000e+04 2.618787353515625000e+03 2.396850097656250000e+03 2.889341796875000000e+04 1.684499969482421875e+02 2.017362695312500000e+04 0.000000000000000000e+00
6.078400268554687500e+02 2.595390869140625000e+03 3.865366015625000000e+04 1.863229980468750000e+03 2.413790039062500000e+03 1.740924609375000000e+04 1.692100067138671875e+02 9.023914062500000000e+03 0.000000000000000000e+00
6.102500000000000000e+02 2.908406982421875000e+03 3.870535156250000000e+04 2.220671630859375000e+03 2.417780029296875000e+03 2.317116601562500000e+04 1.700899963378906250e+02 1.955071679687500000e+04 0.000000000000000000e+00
6.131400146484375000e+02 1.621036499023437500e+03 3.886505078125000000e+04 2.282467285156250000e+03 2.434379882812500000e+03 1.859368554687500000e+04 1.712500000000000000e+02 1.752602539062500000e+04 0.000000000000000000e+00
6.103900146484375000e+02 2.073109619140625000e+03 3.880273046875000000e+04 2.622164550781250000e+03 2.425760009765625000e+03 1.573903417968750000e+04 1.710700073242187500e+02 2.228209375000000000e+04 0.000000000000000000e+00
6.115900268554687500e+02 2.413032470703125000e+03 3.870998828125000000e+04 2.284626220703125000e+03 2.415110107421875000e+03 1.425042578125000000e+04 1.706000061035156250e+02 1.851426171875000000e+04 0.000000000000000000e+00
6.176300048828125000e+02 2.551462890625000000e+03 3.924537890625000000e+04 3.239784423828125000e+03 2.446729980468750000e+03 1.904441406250000000e+04 1.721999969482421875e+02 1.460555371093750000e+04 0.000000000000000000e+00
6.162999877929687500e+02 2.443160400390625000e+03 3.920735937500000000e+04 3.248155761718750000e+03 2.441010009765625000e+03 2.373307812500000000e+04 1.724499969482421875e+02 2.123738281250000000e+04 0.000000000000000000e+00
6.195100097656250000e+02 2.659358642578125000e+03 3.928692968750000000e+04 3.270179199218750000e+03 2.440340087890625000e+03 2.036039062500000000e+04 1.730099945068359375e+02 1.699708203125000000e+04 0.000000000000000000e+00
